version https://git-lfs.github.com/spec/v1
oid sha256:4f31437acf72abb9bec5cb25ff17cc69a7cd9b572e1a353d35f53048b9a70438
size 238195
